2 0.0171875 0.3125 0.028125 0.14375
2 0.07578125 0.296875 0.046875 0.1515625
2 0.0171875 0.425 0.03359375 0.11171875
2 0.05625 0.43125 0.0453125 0.109375
2 0.0828125 0.53671875 0.0515625 0.13203125
2 0.07421875 0.8 0.0921875 0.19453125
2 0.16796875 0.784375 0.08359375 0.16328125
2 0.259375 0.82890625 0.06640625 0.15625
2 0.31484375 0.80703125 0.0640625 0.11953125
2 0.378125 0.82734375 0.0734375 0.16328125
2 0.1171875 0.67421875 0.05703125 0.13046875
2 0.18828125 0.68515625 0.0734375 0.165625
2 0.34296875 0.62265625 0.1359375 0.13984375
2 0.41328125 0.53125 0.0671875 0.09765625
2 0.184375 0.471875 0.05703125 0.0859375
2 0.12109375 0.28359375 0.034375 0.11328125
2 0.16171875 0.2734375 0.0359375 0.078125
2 0.196875 0.2796875 0.040625 0.08984375
2 0.25703125 0.26171875 0.0421875 0.09375
2 0.3140625 0.265625 0.0296875 0.07578125
2 0.35546875 0.25390625 0.03828125 0.11484375
2 0.421875 0.25390625 0.03203125 0.11328125
2 0.4453125 0.25703125 0.02890625 0.09609375
2 0.48203125 0.2734375 0.02421875 0.11875
2 0.55546875 0.246875 0.0328125 0.1265625
2 0.59921875 0.22578125 0.0375 0.103125
2 0.6359375 0.22734375 0.0375 0.0953125
2 0.86953125 0.175 0.04296875 0.103125
2 0.921875 0.16484375 0.03671875 0.08203125
2 0.98125 0.13984375 0.0375 0.1125
2 0.7515625 0.72109375 0.0875 0.15625
2 0.815625 0.690625 0.05859375 0.11953125
2 0.86015625 0.6046875 0.07421875 0.11953125
2 0.9609375 0.55234375 0.07421875 0.13046875
2 0.8609375 0.49921875 0.0578125 0.1484375
2 0.7796875 0.51328125 0.071875 0.11875
2 0.7234375 0.46953125 0.05703125 0.09609375
2 0.64453125 0.4734375 0.06796875 0.1078125
2 0.584375 0.47421875 0.06953125 0.08359375
2 0.55 0.52109375 0.0828125 0.1109375
2 0.484375 0.525 0.0640625 0.10546875
2 0.5640625 0.684375 0.08828125 0.1484375
2 0.48828125 0.6828125 0.115625 0.1640625
2 0.7484375 0.8625 0.0875 0.1078125
2 0.6609375 0.7921875 0.07421875 0.16171875
2 0.59375 0.79765625 0.07578125 0.14375
2 0.5234375 0.85546875 0.0828125 0.103125
2 0.5109375 0.8 0.0921875 0.14453125
2 0.4140625 0.7765625 0.08671875 0.1359375
2 0.6296875 0.6 0.0765625 0.17578125
2 0.6828125 0.63125 0.059375 0.11484375
2 0.7078125 0.56171875 0.07109375 0.125
2 0.74609375 0.58984375 0.06953125 0.11875
2 0.81953125 0.56953125 0.0703125 0.11953125
2 0.91875 0.51328125 0.05703125 0.13984375
2 0.96171875 0.478125 0.06953125 0.11953125
2 0.83984375 0.38828125 0.0859375 0.11953125
2 0.77890625 0.3453125 0.065625 0.1171875
2 0.71484375 0.35 0.05703125 0.18671875
2 0.61171875 0.375 0.05703125 0.0875
2 0.56796875 0.37265625 0.040625 0.07265625
2 0.50703125 0.396875 0.040625 0.06875
2 0.40078125 0.428125 0.05859375 0.09765625
2 0.42890625 0.41796875 0.03828125 0.053125
2 0.36953125 0.378125 0.0375 0.078125
2 0.29375 0.371875 0.04921875 0.084375