3 0.71875 0.478125 0.15859375 0.434375
3 0.3578125 0.48046875 0.1453125 0.45234375
3 0.86640625 0.4828125 0.19453125 0.35859375
3 0.56953125 0.4734375 0.10546875 0.38515625
3 0.30078125 0.2015625 0.1359375 0.15625
3 0.23828125 0.46484375 0.153125 0.409375
3 0.5 0.48125 0.08828125 0.36640625
2 0.71796875 0.3515625 0.0875 0.17265625
3 0.16953125 0.27890625 0.24140625 0.21796875
3 0.93671875 0.2109375 0.1109375 0.41171875
2 0.84453125 0.37109375 0.0984375 0.1328125
2 0.30234375 0.15546875 0.06015625 0.05703125
3 0.26796875 0.41328125 0.48984375 0.55859375
3 0.43203125 0.5265625 0.05625 0.2015625
2 0.97421875 0.46953125 0.0515625 0.04375
3 0.08203125 0.50546875 0.121875 0.31953125
2 0.51171875 0.4609375 0.06015625 0.03984375