3 0.303125 0.59140625 0.32890625 0.8171875
2 0.3046875 0.59453125 0.30625 0.8109375
3 0.5453125 0.59453125 0.23515625 0.76640625
2 0.5359375 0.60234375 0.24375 0.77265625
3 0.6484375 0.54765625 0.28125 0.81015625
2 0.640625 0.5421875 0.2859375 0.8078125
3 0.890625 0.2703125 0.16640625 0.19140625
2 0.890625 0.27578125 0.1765625 0.19375
3 0.9265625 0.58046875 0.14609375 0.8390625
2 0.92890625 0.575 0.1421875 0.846875
2 0.1078125 0.53515625 0.215625 0.9046875
3 0.09609375 0.559375 0.1921875 0.81640625
2 0.08984375 0.42265625 0.1796875 0.57265625