2 0.6015625 0.26171875 0.065625 0.10078125
2 0.50390625 0.2328125 0.0921875 0.10703125
2 0.64375 0.33828125 0.06796875 0.12890625
2 0.8359375 0.3453125 0.06328125 0.0875
2 0.6546875 0.5578125 0.12890625 0.20703125
2 0.51953125 0.65234375 0.165625 0.215625
2 0.84375 0.63515625 0.2953125 0.41953125
2 0.934375 0.27578125 0.0703125 0.10234375
2 0.834375 0.2515625 0.06640625 0.08203125
2 0.75390625 0.2234375 0.05859375 0.11328125
2 0.6890625 0.26796875 0.07421875 0.14609375
2 0.62109375 0.16796875 0.05234375 0.065625
2 0.64296875 0.15546875 0.05078125 0.08828125
2 0.70625 0.1484375 0.04140625 0.0796875
2 0.403125 0.25546875 0.10546875 0.15
2 0.2484375 0.2546875 0.1 0.16015625
2 0.35859375 0.4375 0.128125 0.203125
2 0.1953125 0.21171875 0.07265625 0.10234375
2 0.84609375 0.16953125 0.06328125 0.084375
2 0.934375 0.20703125 0.05078125 0.0609375
2 0.04375 0.21875 0.0546875 0.07578125