3 0.12578125 0.4046875 0.128125 0.746875
3 0.459375 0.409375 0.153125 0.71015625
3 0.33125 0.43515625 0.1953125 0.71484375
3 0.75625 0.4453125 0.1546875 0.7296875
3 0.59609375 0.45546875 0.18984375 0.6984375
3 0.8578125 0.35234375 0.13046875 0.60859375
3 0.23125 0.4078125 0.1359375 0.6796875
2 0.46875 0.12578125 0.0890625 0.140625
2 0.40234375 0.1328125 0.0703125 0.17421875
2 0.5703125 0.196875 0.08515625 0.26796875
3 0.1703125 0.50625 0.059375 0.46640625
2 0.59140625 0.09609375 0.046875 0.07109375