3 0.10078125 0.459375 0.08515625 0.4234375
1 0.27734375 0.465625 0.0890625 0.33828125
3 0.528125 0.484375 0.08671875 0.47578125
3 0.65234375 0.49296875 0.06875 0.42421875
3 0.9734375 0.44140625 0.04921875 0.28203125
2 0.20078125 0.478125 0.06875 0.34609375
3 0.80859375 0.53671875 0.15390625 0.5640625
3 0.58359375 0.47734375 0.0609375 0.39375
3 0.1609375 0.4640625 0.05703125 0.32578125
3 0.45234375 0.490625 0.08359375 0.4296875
2 0.36328125 0.50703125 0.0828125 0.32109375
3 0.028125 0.46796875 0.05546875 0.334375
3 0.928125 0.37421875 0.03359375 0.1421875
1 0.73046875 0.38515625 0.03984375 0.1515625
1 0.23125 0.39140625 0.034375 0.2078125
3 0.76796875 0.3765625 0.03828125 0.16171875
1 0.89296875 0.41328125 0.025 0.1140625
3 0.628125 0.565625 0.06328125 0.2375
3 0.3609375 0.321875 0.02421875 0.05703125
3 0.61015625 0.38515625 0.04140625 0.1984375
1 0.253125 0.32734375 0.02421875 0.05234375
2 0.70546875 0.4 0.03046875 0.1703125
3 0.9078125 0.378125 0.025 0.13203125
1 0.4078125 0.34921875 0.0265625 0.08046875