1 0.4359375 0.6546875 0.13359375 0.33046875
3 0.2171875 0.7609375 0.128125 0.478125
1 0.5671875 0.69375 0.15234375 0.4296875
1 0.3640625 0.65 0.0859375 0.32578125
3 0.125 0.75546875 0.11328125 0.4171875
1 0.946875 0.65546875 0.10546875 0.325
1 0.74609375 0.76640625 0.21953125 0.4609375
3 0.28203125 0.7125 0.07890625 0.315625
3 0.0578125 0.715625 0.11328125 0.42421875
1 0.85546875 0.63359375 0.07421875 0.28125
1 0.9 0.63515625 0.0640625 0.284375
0 0.87578125 0.43046875 0.1375 0.146875
0 0.2265625 0.3546875 0.453125 0.41875
0 0.56953125 0.49609375 0.16640625 0.109375
1 0.6921875 0.66328125 0.0921875 0.33984375
0 0.9734375 0.4359375 0.046875 0.0796875
1 0.784375 0.571875 0.1125 0.178125
3 0.98125 0.6296875 0.03671875 0.2703125
1 0.6515625 0.53671875 0.05 0.09140625
1 0.13515625 0.5640625 0.07265625 0.0890625
0 0.51484375 0.52890625 0.10546875 0.08984375
3 0.9515625 0.49375 0.03203125 0.0421875
0 0.628125 0.47734375 0.0640625 0.0625
3 0.74921875 0.50234375 0.0359375 0.0578125
2 0.03984375 0.54375 0.07578125 0.1109375
3 0.434375 0.50078125 0.028125 0.0609375
2 0.07578125 0.23984375 0.059375 0.06015625
1 0.61328125 0.540625 0.05546875 0.07578125
2 0.425 0.59375 0.09765625 0.1171875
2 0.46875 0.5515625 0.065625 0.10234375
1 0.225 0.4703125 0.03828125 0.046875
3 0.98671875 0.52265625 0.0265625 0.059375
2 0.15625 0.5359375 0.034375 0.02890625