1 0.51484375 0.659375 0.17890625 0.509375
1 0.49921875 0.634375 0.98125 0.7265625
1 0.36484375 0.546875 0.153125 0.290625
1 0.11171875 0.67890625 0.13984375 0.290625
1 0.39453125 0.840625 0.26171875 0.3140625
1 0.03671875 0.54375 0.07265625 0.23359375
1 0.82734375 0.5296875 0.0515625 0.3609375
1 0.2765625 0.65390625 0.14140625 0.2484375
1 0.89296875 0.58515625 0.115625 0.52578125
1 0.61328125 0.55546875 0.11171875 0.2859375
1 0.71015625 0.721875 0.29765625 0.54296875
1 0.36328125 0.3984375 0.08671875 0.13984375
1 0.946875 0.68515625 0.1046875 0.6140625
1 0.21875 0.78203125 0.2359375 0.42734375
1 0.76484375 0.48125 0.1515625 0.35546875
1 0.1375 0.5171875 0.16953125 0.29453125
1 0.45078125 0.4546875 0.084375 0.23828125
1 0.290625 0.46015625 0.08359375 0.18984375
1 0.2296875 0.42578125 0.0875 0.196875
1 0.040625 0.7625 0.08125 0.475
1 0.19140625 0.3796875 0.05078125 0.1265625
1 0.928125 0.38828125 0.0578125 0.1484375
1 0.62109375 0.37578125 0.09140625 0.13984375
1 0.5375 0.4109375 0.06796875 0.15703125
1 0.4046875 0.3859375 0.04375 0.09609375
1 0.67265625 0.40859375 0.040625 0.0953125
1 0.5046875 0.34765625 0.05546875 0.109375
2 0.665625 0.73984375 0.1078125 0.2046875
1 0.828125 0.396875 0.046875 0.109375
2 0.97578125 0.41953125 0.04765625 0.12734375
1 0.8203125 0.3484375 0.03125 0.05