1 0.6359375 0.67109375 0.10703125 0.46953125
1 0.4390625 0.7421875 0.14296875 0.47890625
1 0.415625 0.36796875 0.07734375 0.284375
1 0.95546875 0.80703125 0.0890625 0.3671875
1 0.21015625 0.73046875 0.11796875 0.51796875
1 0.528125 0.38515625 0.075 0.3125
1 0.52421875 0.79921875 0.16953125 0.38515625
1 0.4859375 0.459375 0.10859375 0.30703125
1 0.5359375 0.59453125 0.1109375 0.2953125
1 0.69140625 0.5515625 0.075 0.47421875
1 0.7734375 0.80546875 0.11796875 0.3890625
1 0.08828125 0.6953125 0.11484375 0.47265625
1 0.9359375 0.6078125 0.125 0.3453125
1 0.825 0.3109375 0.06171875 0.3015625
1 0.31796875 0.87265625 0.15703125 0.253125
1 0.8625 0.81640625 0.09765625 0.3453125
1 0.16015625 0.546875 0.0828125 0.4703125
1 0.35234375 0.41015625 0.10625 0.209375
1 0.028125 0.6015625 0.05625 0.49375
1 0.1671875 0.203125 0.06796875 0.19765625
1 0.76796875 0.2875 0.08984375 0.23125
1 0.86875 0.546875 0.07734375 0.3953125
1 0.321875 0.1953125 0.05390625 0.140625
1 0.09140625 0.11640625 0.046875 0.22421875
1 0.34921875 0.6515625 0.1 0.490625
1 0.92578125 0.275 0.0625 0.23359375
1 0.08671875 0.8921875 0.1390625 0.20078125
1 0.61640625 0.2765625 0.0703125 0.16953125
1 0.94921875 0.375 0.09765625 0.19453125
1 0.1203125 0.30859375 0.0546875 0.1921875
1 0.79375 0.54375 0.11328125 0.33671875
1 0.26796875 0.2640625 0.05234375 0.1625
1 0.60078125 0.1453125 0.0421875 0.11640625
1 0.73984375 0.52421875 0.08671875 0.3484375
1 0.52734375 0.09765625 0.0484375 0.12109375
1 0.65078125 0.3671875 0.075 0.2390625
1 0.646875 0.8953125 0.10390625 0.20859375
1 0.303125 0.2984375 0.0640625 0.1921875
1 0.53828125 0.89921875 0.08984375 0.196875
1 0.29453125 0.7125 0.10078125 0.34296875
1 0.696875 0.17578125 0.065625 0.1390625
1 0.128125 0.1578125 0.05625 0.17265625
1 0.2234375 0.353125 0.065625 0.15625
1 0.590625 0.46484375 0.06796875 0.2390625
1 0.578125 0.19453125 0.0640625 0.11953125
1 0.04765625 0.346875 0.08515625 0.1921875
1 0.9734375 0.18828125 0.04296875 0.121875
1 0.2546875 0.10234375 0.06875 0.15
1 0.46875 0.1328125 0.05625 0.10859375
1 0.56484375 0.32265625 0.040625 0.16328125
1 0.26796875 0.453125 0.07734375 0.2109375
1 0.3375 0.0859375 0.04765625 0.12890625
1 0.359375 0.2953125 0.0625 0.184375
1 0.18828125 0.13125 0.0453125 0.15703125
1 0.97890625 0.45078125 0.04140625 0.34453125
1 0.68671875 0.27109375 0.05234375 0.1109375
1 0.92734375 0.75703125 0.05546875 0.228125
3 0.7296875 0.0890625 0.0359375 0.10625
1 0.15546875 0.07109375 0.03125 0.1046875
1 0.30546875 0.121875 0.0546875 0.13359375
1 0.39140625 0.20390625 0.04609375 0.13203125
1 0.34609375 0.15234375 0.0359375 0.10078125
1 0.465625 0.31640625 0.06015625 0.23671875
1 0.8171875 0.946875 0.08828125 0.10234375
1 0.24609375 0.228125 0.04375 0.10859375
3 0.83125 0.09921875 0.046875 0.09609375
1 0.1859375 0.290625 0.05078125 0.13671875
1 0.04609375 0.4609375 0.0578125 0.16171875
1 0.86015625 0.36875 0.075 0.19296875
1 0.5421875 0.15234375 0.0375 0.06875
1 0.13125 0.05703125 0.0375 0.08515625
1 0.259375 0.1765625 0.05 0.11796875
1 0.384375 0.09140625 0.03046875 0.1
1 0.76875 0.14140625 0.0375 0.09296875
1 0.4296875 0.2296875 0.05 0.115625
1 0.1984375 0.5078125 0.071875 0.20859375
1 0.5828125 0.2625 0.0359375 0.09453125
1 0.740625 0.22578125 0.040625 0.084375
1 0.65390625 0.18984375 0.03515625 0.0921875
1 0.28125 0.38125 0.05859375 0.13828125
1 0.7359375 0.32890625 0.034375 0.07421875
3 0.97890625 0.25859375 0.04140625 0.13984375
3 0.865625 0.1046875 0.02890625 0.08125
1 0.79765625 0.16953125 0.03828125 0.12421875
1 0.4796875 0.96171875 0.078125 0.07421875
2 0.38671875 0.4859375 0.03828125 0.090625
1 0.5375 0.25625 0.02890625 0.07890625
2 0.3265625 0.0421875 0.02734375 0.0515625
2 0.04140625 0.23984375 0.03046875 0.05703125