1 0.74453125 0.2078125 0.065625 0.29921875
1 0.6953125 0.7734375 0.090625 0.184375
1 0.68671875 0.78203125 0.07109375 0.17109375
1 0.9 0.79609375 0.0609375 0.18203125
1 0.66015625 0.69140625 0.034375 0.15390625
1 0.75078125 0.65546875 0.07265625 0.16875
1 0.7703125 0.73359375 0.05390625 0.1515625
1 0.8421875 0.675 0.0703125 0.08515625
1 0.56484375 0.92890625 0.11015625 0.1390625
1 0.91328125 0.63046875 0.03828125 0.11015625
1 0.80390625 0.6609375 0.05546875 0.10078125
1 0.878125 0.58359375 0.046875 0.07734375