2 0.7859375 0.18671875 0.35234375 0.19765625
2 0.76640625 0.2140625 0.29609375 0.24296875
1 0.33671875 0.06484375 0.0890625 0.1171875
2 0.31015625 0.16953125 0.06796875 0.078125
2 0.396875 0.14296875 0.0734375 0.04375
3 0.3109375 0.209375 0.42578125 0.16953125
3 0.48515625 0.0703125 0.0921875 0.1390625
3 0.49140625 0.43671875 0.96171875 0.65
2 0.67421875 0.31015625 0.34453125 0.2484375
3 0.9609375 0.09296875 0.0734375 0.1515625
3 0.84921875 0.70703125 0.2953125 0.44140625
3 0.58046875 0.11484375 0.14921875 0.0671875
2 0.98203125 0.053125 0.03125 0.0609375
1 0.65625 0.1078125 0.0546875 0.06328125
2 0.86015625 0.09140625 0.1453125 0.0390625