1 0.246875 0.346875 0.0734375 0.2578125
1 0.4140625 0.4046875 0.18515625 0.60859375
2 0.4125 0.190625 0.10546875 0.18046875
1 0.12421875 0.4765625 0.19921875 0.8265625
1 0.5734375 0.34609375 0.06640625 0.2109375
1 0.75625 0.33046875 0.075 0.25859375
1 0.70234375 0.434375 0.09921875 0.29140625
2 0.490625 0.284375 0.028125 0.1046875
1 0.83828125 0.24296875 0.02421875 0.0859375
3 0.53671875 0.26015625 0.0265625 0.0875
2 0.125 0.14140625 0.1265625 0.22109375
3 0.81328125 0.24765625 0.034375 0.0859375