1 0.43984375 0.69609375 0.0984375 0.390625
2 0.4390625 0.69453125 0.0953125 0.38125
1 0.2796875 0.69296875 0.06484375 0.4015625
1 0.559375 0.62734375 0.06015625 0.328125
2 0.50078125 0.62734375 0.06015625 0.30859375
1 0.940625 0.70078125 0.11171875 0.35390625
2 0.3859375 0.65859375 0.06484375 0.30625
2 0.61875 0.73984375 0.1203125 0.3359375
2 0.06171875 0.55078125 0.06640625 0.1734375
2 0.2015625 0.790625 0.11171875 0.2390625
2 0.71953125 0.68359375 0.078125 0.2953125
2 0.09296875 0.7109375 0.1640625 0.36484375
2 0.2015625 0.43046875 0.05078125 0.1234375
2 0.328125 0.584375 0.07109375 0.33828125
2 0.7171875 0.55390625 0.0984375 0.1640625
1 0.2390625 0.52265625 0.0484375 0.14609375
2 0.91953125 0.45 0.0453125 0.10859375
1 0.459375 0.465625 0.0421875 0.08046875
2 0.859375 0.4359375 0.04765625 0.09375
2 0.371875 0.45390625 0.0328125 0.0828125
1 0.26015625 0.42578125 0.06796875 0.128125
1 0.08671875 0.47265625 0.05703125 0.11953125
1 0.68828125 0.4390625 0.0296875 0.09765625
2 0.953125 0.5203125 0.06484375 0.1203125
1 0.47734375 0.48125 0.0359375 0.07734375
2 0.2125 0.6265625 0.1203125 0.2625
2 0.0765625 0.40390625 0.03515625 0.0671875
2 0.8859375 0.47265625 0.03984375 0.065625
2 0.54765625 0.44453125 0.04296875 0.12578125
2 0.01640625 0.4046875 0.03125 0.0921875
2 0.603125 0.434375 0.053125 0.1453125
2 0.43125 0.42890625 0.03515625 0.065625
2 0.11640625 0.4 0.0484375 0.10703125
2 0.79765625 0.72421875 0.18046875 0.36953125
2 0.171875 0.5390625 0.08359375 0.15234375
2 0.4 0.48671875 0.0828125 0.15390625
2 0.64921875 0.4984375 0.0609375 0.1421875