2 0.25234375 0.8515625 0.0421875 0.184375
2 0.246875 0.87578125 0.05703125 0.23046875
2 0.5921875 0.88828125 0.04375 0.2046875
2 0.10859375 0.89453125 0.04609375 0.2109375
2 0.5015625 0.79609375 0.0421875 0.1859375
2 0.76953125 0.75859375 0.04296875 0.21015625
2 0.1234375 0.734375 0.034375 0.16796875
2 0.5140625 0.88359375 0.03515625 0.225
2 0.3890625 0.9265625 0.04296875 0.1421875
2 0.9203125 0.74375 0.03828125 0.15078125
2 0.7515625 0.86953125 0.05 0.12734375
2 0.41015625 0.884375 0.04140625 0.18125
2 0.9484375 0.77578125 0.046875 0.12109375
2 0.6140625 0.95078125 0.05625 0.0984375
2 0.1453125 0.92578125 0.0546875 0.1484375
2 0.58046875 0.778125 0.03828125 0.16796875
2 0.5484375 0.93203125 0.05390625 0.1359375
2 0.6609375 0.815625 0.0390625 0.1546875
2 0.34921875 0.87421875 0.03828125 0.1546875
2 0.8328125 0.81640625 0.04375 0.16640625
2 0.01328125 0.721875 0.0265625 0.1171875
2 0.6234375 0.74296875 0.03828125 0.128125
2 0.30625 0.9203125 0.04296875 0.15078125
2 0.209375 0.68046875 0.0296875 0.12734375
2 0.06640625 0.61015625 0.0265625 0.10078125
2 0.33671875 0.66640625 0.02578125 0.12109375
2 0.47578125 0.96328125 0.04296875 0.071875
2 0.79453125 0.38046875 0.01640625 0.07421875
2 0.7453125 0.7015625 0.0265625 0.13984375
2 0.09296875 0.82109375 0.02734375 0.13984375
2 0.70625 0.77890625 0.04375 0.18359375
2 0.56640625 0.68125 0.034375 0.1
2 0.959375 0.6046875 0.02890625 0.121875
2 0.040625 0.58203125 0.0265625 0.1421875
2 0.2734375 0.63359375 0.02578125 0.09609375
2 0.06875 0.7296875 0.0421875 0.0984375
2 0.94375 0.615625 0.0296875 0.10078125
2 0.0234375 0.7765625 0.0328125 0.0953125
2 0.72890625 0.9171875 0.05 0.0828125
2 0.0296875 0.8640625 0.04140625 0.16015625
2 0.9046875 0.5171875 0.021875 0.09375
2 0.665625 0.74375 0.0359375 0.11484375
2 0.9546875 0.709375 0.0421875 0.10078125
2 0.825 0.69453125 0.03125 0.1078125
2 0.30703125 0.81328125 0.02890625 0.1546875
2 0.6953125 0.60078125 0.034375 0.10234375
2 0.2265625 0.93359375 0.04921875 0.1328125
2 0.6890625 0.90546875 0.04453125 0.14375
2 0.7328125 0.67734375 0.028125 0.15859375
2 0.91796875 0.6234375 0.02890625 0.07734375
2 0.453125 0.6359375 0.02890625 0.06796875
2 0.31015625 0.64921875 0.025 0.09453125
2 0.225 0.696875 0.02421875 0.10078125
2 0.5609375 0.778125 0.02578125 0.17578125
2 0.85625 0.66484375 0.034375 0.1078125
2 0.04296875 0.75703125 0.03125 0.10078125
2 0.18203125 0.8953125 0.03046875 0.2046875
2 0.86640625 0.38671875 0.0140625 0.0640625
2 0.4859375 0.68515625 0.0328125 0.103125
2 0.9953125 0.40078125 0.00859375 0.0765625
2 0.73515625 0.60546875 0.03046875 0.07109375
2 0.2515625 0.759375 0.03671875 0.08671875
2 0.20703125 0.865625 0.03671875 0.1828125
2 0.9796875 0.7375 0.03203125 0.1296875
2 0.1375 0.684375 0.028125 0.14921875
1 0.4703125 0.85625 0.03671875 0.16875
2 0.91875 0.6703125 0.03046875 0.0765625
2 0.88359375 0.75234375 0.03046875 0.1703125
1 0.05 0.93046875 0.04375 0.13828125
2 0.8765625 0.940625 0.05703125 0.11875
2 0.18515625 0.7765625 0.03046875 0.084375
2 0.7984375 0.74296875 0.03125 0.18125
2 0.9828125 0.95859375 0.034375 0.0765625
2 0.934375 0.9625 0.05234375 0.06875
2 0.0875 0.690625 0.03046875 0.090625
2 0.8421875 0.37734375 0.0140625 0.05859375
2 0.3671875 0.7734375 0.0296875 0.1140625
2 0.16875 0.740625 0.02734375 0.11953125
2 0.45625 0.69140625 0.0296875 0.10390625
2 0.43515625 0.93828125 0.0296875 0.12109375
2 0.89921875 0.78984375 0.03984375 0.1171875
2 0.3296875 0.825 0.02890625 0.13203125
1 0.6453125 0.903125 0.0375 0.14609375
2 0.81328125 0.56953125 0.02734375 0.08203125
2 0.090625 0.59140625 0.02265625 0.12109375
2 0.4125 0.7484375 0.03046875 0.09296875
2 0.0328125 0.20625 0.0140625 0.0234375
2 0.2796875 0.76328125 0.03046875 0.12734375
2 0.95234375 0.5328125 0.02421875 0.06328125
2 0.0734375 0.8734375 0.03828125 0.2125
2 0.83125 0.3671875 0.0125 0.04453125
2 0.075 0.521875 0.021875 0.08046875
2 0.61796875 0.85859375 0.034375 0.1375
2 0.01796875 0.63125 0.028125 0.0765625
2 0.85078125 0.74296875 0.03671875 0.115625
2 0.375 0.82421875 0.03125 0.15
2 0.95546875 0.42890625 0.01875 0.059375
2 0.81953125 0.47421875 0.02265625 0.0578125
2 0.89140625 0.39765625 0.0140625 0.0578125
2 0.77890625 0.62890625 0.02734375 0.078125
2 0.23984375 0.9703125 0.04453125 0.059375
2 0.79375 0.6234375 0.02265625 0.08828125
2 0.72578125 0.83828125 0.03984375 0.12109375
2 0.01796875 0.96953125 0.0328125 0.0609375
2 0.98125 0.40859375 0.01640625 0.0578125
2 0.5140625 0.68125 0.03203125 0.0921875
2 0.6546875 0.68046875 0.02421875 0.07421875
2 0.14609375 0.81484375 0.02890625 0.084375