1 0.47890625 0.46171875 0.1984375 0.73125
3 0.184375 0.4640625 0.21953125 0.82734375
2 0.8546875 0.4796875 0.28984375 0.68984375
3 0.659375 0.3265625 0.09453125 0.47109375
3 0.3875 0.27109375 0.05703125 0.33828125
3 0.24453125 0.334375 0.10703125 0.44296875
1 0.0515625 0.32421875 0.096875 0.365625
1 0.79609375 0.36171875 0.103125 0.55546875
2 0.4796875 0.2109375 0.10625 0.2375
3 0.5734375 0.23203125 0.04453125 0.21015625
3 0.27734375 0.1328125 0.04453125 0.10625
3 0.31640625 0.35625 0.13984375 0.5625
3 0.4203125 0.2328125 0.0328125 0.203125
3 0.1046875 0.3375 0.0640625 0.39375
3 0.08359375 0.1640625 0.04375 0.1078125
1 0.759375 0.23671875 0.0546875 0.2875
3 0.71484375 0.24765625 0.034375 0.1796875
3 0.0203125 0.453125 0.040625 0.51015625
3 0.01796875 0.16953125 0.03515625 0.08203125
2 0.11484375 0.17109375 0.03984375 0.07109375
3 0.77265625 0.1234375 0.04296875 0.07421875
3 0.6046875 0.2484375 0.05703125 0.2609375
3 0.38828125 0.1421875 0.02421875 0.05078125
3 0.86328125 0.1390625 0.03984375 0.06953125
2 0.228125 0.18359375 0.06875 0.14453125
1 0.559375 0.14765625 0.03046875 0.06171875
2 0.35234375 0.1625 0.02421875 0.0625
2 0.59453125 0.1546875 0.0171875 0.04609375
2 0.684375 0.26953125 0.04921875 0.27109375