3 0.8890625 0.446875 0.05859375 0.12421875
3 0.37265625 0.409375 0.05078125 0.08046875
3 0.378125 0.75390625 0.15546875 0.28359375
3 0.79140625 0.396875 0.03203125 0.06640625
3 0.44921875 0.675 0.10859375 0.2328125
3 0.96484375 0.44609375 0.06328125 0.11953125
3 0.40703125 0.41015625 0.05546875 0.08125
1 0.76484375 0.3234375 0.01328125 0.0609375
3 0.92265625 0.3171875 0.015625 0.02578125
3 0.225 0.403125 0.05859375 0.025
2 0.3640625 0.65234375 0.07421875 0.075
3 0.35546875 0.32578125 0.0171875 0.0484375
3 0.61484375 0.74453125 0.1796875 0.2078125
3 0.9375 0.31796875 0.0109375 0.0265625
0 0.4546875 0.296875 0.0515625 0.0203125
2 0.6046875 0.30625 0.01171875 0.04765625
3 0.88359375 0.43046875 0.2234375 0.15625
0 0.134375 0.30625 0.05703125 0.02734375
0 0.259375 0.3015625 0.0484375 0.01875
0 0.53203125 0.296875 0.05 0.0234375
2 0.3578125 0.753125 0.0890625 0.1234375
0 0.0515625 0.30234375 0.06171875 0.025
0 0.82109375 0.29296875 0.02578125 0.02734375
2 0.88984375 0.4140625 0.0171875 0.02578125
2 0.3265625 0.32421875 0.01875 0.04609375
0 0.865625 0.284375 0.02890625 0.021875
2 0.9859375 0.3078125 0.009375 0.04453125
3 0.5953125 0.30859375 0.01171875 0.0453125