3 0.4515625 0.39140625 0.14140625 0.5390625
3 0.25390625 0.41640625 0.11015625 0.4671875
3 0.7203125 0.29453125 0.096875 0.13203125
2 0.12421875 0.278125 0.078125 0.140625
3 0.50625 0.44921875 0.071875 0.40390625
3 0.88125 0.5421875 0.2375 0.75546875
3 0.71171875 0.43671875 0.10234375 0.4671875
3 0.784375 0.365625 0.16015625 0.31328125
3 0.84609375 0.24921875 0.0859375 0.13671875
2 0.26484375 0.246875 0.05859375 0.0515625
2 0.27109375 0.20625 0.0671875 0.05078125
3 0.0390625 0.29921875 0.065625 0.1484375
2 0.921875 0.2375 0.14921875 0.15
3 0.0390625 0.45078125 0.06484375 0.41640625
2 0.259375 0.24140625 0.08125 0.1296875
3 0.6765625 0.45234375 0.09296875 0.20546875
2 0.8703125 0.196875 0.02890625 0.028125