1 0.546875 0.4890625 0.08046875 0.3046875
1 0.3359375 0.5171875 0.0890625 0.3
1 0.20078125 0.4375 0.0328125 0.13203125
1 0.409375 0.534375 0.0671875 0.2734375
1 0.1578125 0.43203125 0.03046875 0.11640625
1 0.23671875 0.4421875 0.028125 0.115625
1 0.46484375 0.5515625 0.05 0.20859375
1 0.25390625 0.434375 0.0171875 0.096875
1 0.078125 0.41328125 0.0171875 0.08046875
1 0.12578125 0.4203125 0.01640625 0.07578125
2 0.32421875 0.38359375 0.0234375 0.02578125
1 0.2171875 0.43671875 0.0171875 0.10703125
1 0.096875 0.41796875 0.01953125 0.0765625
3 0.11015625 0.4203125 0.015625 0.06796875
2 0.403125 0.4125 0.02578125 0.03359375