1 0.8015625 0.64921875 0.215625 0.56640625
2 0.775 0.4890625 0.11484375 0.1921875
1 0.52578125 0.765625 0.13125 0.2765625
1 0.3703125 0.753125 0.24453125 0.30078125
1 0.8921875 0.71015625 0.1375 0.390625
1 0.571875 0.6609375 0.0859375 0.1953125
1 0.67421875 0.721875 0.1109375 0.35703125
2 0.08359375 0.63671875 0.05859375 0.1203125
1 0.6421875 0.65 0.05234375 0.1421875
1 0.94921875 0.60703125 0.0296875 0.09765625
2 0.7046875 0.584375 0.05703125 0.08515625
2 0.3046875 0.603125 0.14921875 0.16015625
2 0.22890625 0.72421875 0.171875 0.35625
2 0.878125 0.5765625 0.1015625 0.1265625
2 0.728125 0.72109375 0.10078125 0.05234375
1 0.42109375 0.60546875 0.1078125 0.13359375
1 0.84609375 0.54140625 0.0640625 0.08828125