1 0.45703125 0.8015625 0.08359375 0.36484375
3 0.58984375 0.7859375 0.1 0.428125
1 0.25859375 0.69609375 0.07265625 0.34140625
1 0.7859375 0.63515625 0.078125 0.33359375
1 0.38515625 0.725 0.071875 0.38359375
1 0.32421875 0.80703125 0.08046875 0.37890625
1 0.44375 0.64375 0.0703125 0.34453125
1 0.9484375 0.6234375 0.0671875 0.303125
1 0.49609375 0.6703125 0.07265625 0.37578125
1 0.18046875 0.85078125 0.1140625 0.2984375
1 0.7125 0.6515625 0.0828125 0.3171875
1 0.09453125 0.7921875 0.1109375 0.36875
1 0.54609375 0.5734375 0.065625 0.23046875
1 0.665625 0.78984375 0.065625 0.40703125
1 0.86796875 0.63828125 0.06875 0.32109375
1 0.63671875 0.45390625 0.0546875 0.14921875
1 0.1828125 0.709375 0.07421875 0.1984375
1 0.90078125 0.5921875 0.0515625 0.28671875
1 0.40703125 0.42109375 0.0453125 0.18359375
1 0.8328125 0.59765625 0.05 0.27734375
1 0.65234375 0.53984375 0.05546875 0.14453125
1 0.190625 0.55625 0.05390625 0.16640625
1 0.5296875 0.83984375 0.0625 0.31953125
1 0.36171875 0.49296875 0.0640625 0.14296875
1 0.2453125 0.55078125 0.07734375 0.1546875
1 0.72109375 0.85625 0.09140625 0.27890625
1 0.8890625 0.3921875 0.0515625 0.096875
1 0.96953125 0.40234375 0.046875 0.10546875
1 0.24140625 0.47734375 0.0546875 0.096875
1 0.309375 0.53515625 0.05859375 0.1015625
1 0.75859375 0.584375 0.04609375 0.2828125
1 0.121875 0.659375 0.08046875 0.1546875
1 0.56953125 0.4484375 0.04609375 0.13203125
1 0.946875 0.440625 0.03984375 0.08671875
1 0.71640625 0.34296875 0.05078125 0.0984375
1 0.53046875 0.44921875 0.053125 0.11953125
1 0.66875 0.4515625 0.040625 0.13046875
1 0.62109375 0.56796875 0.05703125 0.14921875
1 0.83046875 0.35703125 0.059375 0.0890625
1 0.76796875 0.25546875 0.028125 0.08359375
1 0.31328125 0.6328125 0.0703125 0.19765625
1 0.85234375 0.4609375 0.0546875 0.11484375
1 0.98125 0.65 0.0375 0.29609375
1 0.5078125 0.32734375 0.03671875 0.0796875
1 0.67734375 0.32265625 0.03671875 0.07890625
1 0.79296875 0.478125 0.04921875 0.0953125
1 0.71171875 0.44140625 0.046875 0.1140625
1 0.753125 0.46328125 0.0515625 0.09921875
1 0.36171875 0.59296875 0.04921875 0.13125
1 0.4890625 0.34140625 0.0390625 0.08203125
1 0.56171875 0.64375 0.040625 0.1359375
1 0.58984375 0.50859375 0.0515625 0.11953125
1 0.60859375 0.42109375 0.03671875 0.10078125
2 0.8921875 0.434375 0.03359375 0.065625
1 0.584375 0.31875 0.03515625 0.08046875
1 0.50390625 0.265625 0.03046875 0.0859375
1 0.015625 0.8015625 0.0296875 0.325
1 0.85234375 0.95703125 0.10078125 0.0859375
1 0.79765625 0.359375 0.034375 0.08203125
2 0.57109375 0.3625 0.03515625 0.0734375
3 0.79375 0.27109375 0.02890625 0.06875
1 0.60625 0.346875 0.0375 0.0734375
2 0.98515625 0.50234375 0.028125 0.08203125
1 0.54609375 0.2453125 0.03203125 0.07578125
1 0.7703125 0.41796875 0.04296875 0.0921875
1 0.7515625 0.38359375 0.034375 0.1015625
2 0.26796875 0.46171875 0.02421875 0.03828125
1 0.46484375 0.503125 0.0390625 0.06796875
1 0.45078125 0.34453125 0.02890625 0.071875