2 0.296875 0.753125 0.009375 0.0265625
2 0.296875 0.75 0.00546875 0.0203125
2 0.1953125 0.784375 0.00703125 0.01953125
2 0.24921875 0.74140625 0.00546875 0.02265625
2 0.090625 0.74921875 0.00703125 0.01953125
2 0.08984375 0.96640625 0.00703125 0.025
2 0.16015625 0.896875 0.0078125 0.02890625
2 0.11484375 0.9453125 0.0078125 0.03359375
2 0.2953125 0.80546875 0.0078125 0.03515625
2 0.33125 0.80859375 0.009375 0.0234375
2 0.09765625 0.79453125 0.0078125 0.01953125
2 0.359375 0.85859375 0.01015625 0.0390625
2 0.14453125 0.7984375 0.00703125 0.02734375
2 0.19375 0.71328125 0.0078125 0.0296875
2 0.13671875 0.94609375 0.00859375 0.0203125
2 0.32109375 0.86171875 0.00859375 0.03828125
2 0.1734375 0.8921875 0.009375 0.03359375
2 0.265625 0.9390625 0.01171875 0.0328125
2 0.0875 0.83125 0.01015625 0.01875
2 0.0484375 0.9078125 0.00859375 0.0375
2 0.22734375 0.8921875 0.0109375 0.02734375
2 0.1328125 0.81171875 0.00625 0.01484375
2 0.09921875 0.95 0.0109375 0.0390625
2 0.0078125 0.809375 0.00859375 0.02890625
2 0.12265625 0.93671875 0.009375 0.0375
2 0.034375 0.89140625 0.00625 0.01484375
2 0.08359375 0.975 0.01015625 0.04140625
2 0.2328125 0.89296875 0.009375 0.021875
2 0.090625 0.89140625 0.0109375 0.01484375
2 0.2203125 0.88359375 0.009375 0.0453125
2 0.140625 0.78359375 0.0109375 0.03359375
2 0.21015625 0.778125 0.00703125 0.03359375
2 0.0140625 0.98828125 0.00703125 0.02265625
2 0.14921875 0.9390625 0.0109375 0.04921875
2 0.0625 0.9109375 0.00859375 0.040625
2 0.1859375 0.8890625 0.01015625 0.04296875
2 0.0515625 0.68984375 0.00703125 0.0078125
2 0.046875 0.9890625 0.01015625 0.021875
2 0.353125 0.78671875 0.00703125 0.04296875
2 0.3953125 0.8109375 0.04453125 0.0625
2 0.1234375 0.70546875 0.0078125 0.02265625
2 0.1203125 0.9828125 0.009375 0.03125
2 0.1765625 0.75625 0.00703125 0.03359375
2 0.39609375 0.6828125 0.0640625 0.10078125
2 0.08203125 0.8421875 0.0203125 0.04140625
2 0.19921875 0.67265625 0.03515625 0.04375
2 0.00390625 0.97890625 0.0078125 0.0421875
2 0.21328125 0.8890625 0.0375 0.0578125
2 0.64765625 0.56875 0.04140625 0.0625
2 0.1359375 0.78984375 0.0296875 0.046875
2 0.49140625 0.4859375 0.0609375 0.0953125
2 0.55546875 0.66328125 0.0796875 0.09296875
2 0.27890625 0.8765625 0.009375 0.04375
2 0.10546875 0.98125 0.0109375 0.0375
2 0.30390625 0.475 0.09375 0.12109375
2 0.59765625 0.4578125 0.0671875 0.11484375
2 0.12734375 0.95 0.075 0.084375
2 0.196875 0.921875 0.075 0.1203125
2 0.1890625 0.696875 0.0796875 0.1078125
2 0.02109375 0.78203125 0.0375 0.09140625
2 0.596875 0.834375 0.0859375 0.1265625
2 0.02578125 0.6921875 0.04765625 0.0421875
2 0.121875 0.53359375 0.00859375 0.0078125
2 0.77734375 0.9765625 0.0140625 0.046875
2 0.51640625 0.7265625 0.1859375 0.22421875
2 0.13359375 0.70859375 0.0140625 0.0171875
2 0.59453125 0.690625 0.115625 0.1796875
2 0.2609375 0.42890625 0.1640625 0.18515625
2 0.57890625 0.93046875 0.1125 0.12890625
2 0.94609375 0.53359375 0.0953125 0.13984375
2 0.76953125 0.68203125 0.1046875 0.10546875
2 0.82421875 0.790625 0.12734375 0.16484375
2 0.7078125 0.66171875 0.09609375 0.12421875
2 0.02578125 0.81484375 0.015625 0.009375
2 0.8890625 0.81796875 0.09765625 0.13046875
2 0.37578125 0.93125 0.20703125 0.13671875