3 0.496875 0.81328125 0.63203125 0.22734375
3 0.19140625 0.7484375 0.37421875 0.165625
3 0.8640625 0.59921875 0.271875 0.27109375
3 0.52265625 0.55625 0.27109375 0.2421875
3 0.64140625 0.55859375 0.23828125 0.146875
3 0.1875 0.60078125 0.29765625 0.14921875
2 0.52578125 0.4296875 0.0703125 0.1421875
2 0.4484375 0.49609375 0.06640625 0.16796875
2 0.9609375 0.39921875 0.078125 0.18515625
2 0.80546875 0.271875 0.05234375 0.12578125
2 0.18125 0.3234375 0.05390625 0.15859375
2 0.25859375 0.43828125 0.14375 0.18359375
2 0.75 0.2421875 0.040625 0.12109375
2 0.49921875 0.46328125 0.16328125 0.18515625
2 0.63125 0.2921875 0.04921875 0.1703125
3 0.503125 0.42734375 0.94765625 0.54921875
2 0.69140625 0.4625 0.12890625 0.23046875
3 0.29453125 0.5390625 0.19765625 0.26171875
2 0.1046875 0.48671875 0.1296875 0.17578125
2 0.3546875 0.28359375 0.04921875 0.2125
2 0.09375 0.33046875 0.0296875 0.09921875
2 0.24765625 0.3046875 0.034375 0.07890625
2 0.86171875 0.25078125 0.034375 0.13046875
2 0.66171875 0.25859375 0.02890625 0.11875
2 0.4 0.4453125 0.078125 0.128125
2 0.5828125 0.28984375 0.040625 0.18828125
2 0.8953125 0.3515625 0.0703125 0.125
2 0.49765625 0.2703125 0.06328125 0.20546875
2 0.06796875 0.321875 0.025 0.1
2 0.68671875 0.28203125 0.2625 0.22578125
2 0.45546875 0.28515625 0.0484375 0.15703125
2 0.60625 0.46484375 0.140625 0.11953125
2 0.08515625 0.2671875 0.03359375 0.0859375
2 0.86953125 0.07421875 0.0234375 0.0640625
2 0.15234375 0.31796875 0.22890625 0.203125
2 0.3265625 0.365625 0.0546875 0.08359375
2 0.7015625 0.30703125 0.10234375 0.14921875
2 0.965625 0.61015625 0.06875 0.2421875
2 0.24140625 0.18359375 0.01875 0.0609375
2 0.29453125 0.54921875 0.03203125 0.090625
2 0.4859375 0.38515625 0.0421875 0.08359375