3 0.62578125 0.6484375 0.09140625 0.66015625
3 0.290625 0.74296875 0.165625 0.51171875
3 0.11875 0.65546875 0.20625 0.68828125
3 0.45546875 0.65390625 0.10234375 0.6921875
3 0.51484375 0.62890625 0.078125 0.5890625
3 0.87265625 0.5328125 0.1140625 0.50390625
3 0.80546875 0.5390625 0.1125 0.546875
3 0.6875 0.58515625 0.0796875 0.59765625
3 0.9421875 0.496875 0.07578125 0.44765625
2 0.54609375 0.4515625 0.04921875 0.23359375
3 0.98515625 0.46484375 0.02734375 0.27578125
2 0.26328125 0.69765625 0.1078125 0.22421875
1 0.56328125 0.34140625 0.0203125 0.09765625
1 0.24921875 0.3421875 0.01796875 0.0984375
1 0.08515625 0.334375 0.01796875 0.0703125
1 0.61875 0.33046875 0.03203125 0.10234375
1 0.59296875 0.33984375 0.01640625 0.1
1 0.1453125 0.34609375 0.01796875 0.084375
3 0.184375 0.3453125 0.35703125 0.1203125