1 0.25 0.721875 0.04375 0.14375
2 0.253125 0.725 0.05078125 0.1546875
1 0.2921875 0.70078125 0.05234375 0.15078125
2 0.29375 0.709375 0.05234375 0.17734375
2 0.784375 0.72421875 0.14140625 0.36796875
1 0.784375 0.7328125 0.1359375 0.30625
2 0.41328125 0.56171875 0.0171875 0.0375
2 0.41484375 0.5640625 0.00703125 0.0296875
2 0.5203125 0.5484375 0.0078125 0.02734375
2 0.5109375 0.55 0.0078125 0.0234375
2 0.27421875 0.5375 0.00625 0.02265625
2 0.08203125 0.5453125 0.009375 0.025
2 0.28125 0.53828125 0.00625 0.0203125
2 0.46171875 0.51640625 0.00546875 0.0171875
2 0.5765625 0.5125 0.0046875 0.01484375
2 0.721875 0.5328125 0.00859375 0.02109375
2 0.853125 0.52421875 0.00703125 0.01796875
2 0.38359375 0.525 0.0078125 0.01953125
2 0.225 0.5 0.0046875 0.01328125
2 0.265625 0.4984375 0.00390625 0.0109375
2 0.46484375 0.51796875 0.00625 0.01796875
2 0.4546875 0.5203125 0.0046875 0.01328125
2 0.7734375 0.67109375 0.05234375 0.11484375
2 0.76484375 0.58671875 0.025 0.03828125
2 0.09296875 0.50234375 0.00546875 0.015625
2 0.584375 0.509375 0.00625 0.009375
2 0.0890625 0.50703125 0.00546875 0.01328125
2 0.09609375 0.5046875 0.00546875 0.01484375
2 0.18359375 0.54609375 0.00625 0.01171875
2 0.38046875 0.52890625 0.0078125 0.015625
2 0.84453125 0.5234375 0.00546875 0.0109375
2 0.25859375 0.70078125 0.03359375 0.05234375
2 0.4546875 0.4953125 0.0046875 0.01796875
2 0.76484375 0.50390625 0.00390625 0.01171875
2 0.77109375 0.50390625 0.0046875 0.01171875
2 0.10390625 0.50078125 0.00546875 0.01171875
2 0.18203125 0.4875 0.00390625 0.009375
2 0.75234375 0.53359375 0.00625 0.009375
2 0.9109375 0.5046875 0.00546875 0.0078125
2 0.77421875 0.50234375 0.0046875 0.01328125
2 0.840625 0.52265625 0.00703125 0.01015625
2 0.3578125 0.4984375 0.00390625 0.01015625
2 0.9828125 0.49609375 0.0046875 0.0125