1 0.43984375 0.47265625 0.0953125 0.36484375
1 0.13359375 0.4671875 0.08125 0.3890625
1 0.61015625 0.45390625 0.08046875 0.39609375
1 0.87578125 0.45234375 0.0859375 0.40703125
1 0.521875 0.471875 0.08828125 0.390625
1 0.2421875 0.4625 0.07265625 0.40078125
1 0.34609375 0.4625 0.07578125 0.375
3 0.709375 0.4625 0.065625 0.3375
3 0.76875 0.459375 0.08046875 0.32890625
3 0.93828125 0.4703125 0.05 0.36171875
3 0.071875 0.46484375 0.07734375 0.4
3 0.3109375 0.39609375 0.0296875 0.2203125
3 0.61875 0.31796875 0.05390625 0.12734375
3 0.70546875 0.3515625 0.053125 0.1140625
3 0.88125 0.30703125 0.0625 0.10859375
2 0.6671875 0.46875 0.06015625 0.3390625
1 0.57890625 0.478125 0.0453125 0.33359375
3 0.05625 0.31015625 0.0453125 0.0875
3 0.83203125 0.41328125 0.02421875 0.0859375
2 0.971875 0.44921875 0.0375 0.19296875
2 0.6671875 0.340625 0.0375 0.0828125
2 0.678125 0.31796875 0.01640625 0.0421875