1 0.44609375 0.49296875 0.13984375 0.45859375
1 0.63046875 0.46640625 0.10234375 0.34765625
3 0.21484375 0.3390625 0.028125 0.1234375
3 0.2921875 0.32890625 0.0234375 0.11015625
3 0.25390625 0.33515625 0.028125 0.125
1 0.90390625 0.55546875 0.16953125 0.39765625
3 0.18828125 0.33828125 0.0234375 0.10703125
3 0.37890625 0.31015625 0.0140625 0.053125
3 0.44609375 0.3171875 0.01796875 0.05625
3 0.16953125 0.31796875 0.02890625 0.0703125
3 0.1109375 0.30703125 0.0265625 0.05078125
3 0.70546875 0.2984375 0.00859375 0.03203125