1 0.40546875 0.51484375 0.06953125 0.325
1 0.19609375 0.51484375 0.0640625 0.3125
1 0.25625 0.51796875 0.0796875 0.32890625
1 0.546875 0.50078125 0.09375 0.3
1 0.346875 0.40234375 0.0421875 0.17734375
1 0.1171875 0.50859375 0.07578125 0.31171875
1 0.04765625 0.54609375 0.0515625 0.2796875
1 0.7625 0.53203125 0.071875 0.3078125
1 0.43515625 0.42578125 0.040625 0.19296875
1 0.49453125 0.4578125 0.04453125 0.203125
1 0.64453125 0.42890625 0.03671875 0.1640625
2 0.9359375 0.49296875 0.05390625 0.2078125
1 0.81875 0.54453125 0.0640625 0.2859375
2 0.01640625 0.384375 0.0328125 0.10859375
2 0.58125 0.4390625 0.0390625 0.16484375
1 0.16171875 0.52265625 0.04609375 0.29296875
1 0.709375 0.4359375 0.04453125 0.16171875
1 0.15078125 0.3578125 0.02578125 0.11640625
2 0.46953125 0.4390625 0.0296875 0.175
2 0.6703125 0.4421875 0.02734375 0.134375
2 0.61640625 0.39453125 0.0140625 0.07578125
2 0.79921875 0.40859375 0.040625 0.096875
2 0.05 0.35390625 0.01796875 0.0609375
1 0.23828125 0.3609375 0.0234375 0.096875
2 0.20546875 0.359375 0.02265625 0.075
2 0.16953125 0.36484375 0.01875 0.04609375
2 0.5328125 0.35703125 0.03203125 0.07265625
2 0.9265625 0.421875 0.0203125 0.08984375
2 0.26875 0.3859375 0.028125 0.07578125
2 0.26015625 0.334375 0.0234375 0.05546875
2 0.628125 0.39375 0.015625 0.07109375
2 0.94453125 0.4125 0.025 0.0515625
2 0.46484375 0.3671875 0.021875 0.05078125
2 0.11875 0.346875 0.01015625 0.03359375
2 0.12890625 0.34453125 0.01015625 0.0328125
2 0.5734375 0.36640625 0.028125 0.02265625
2 0.31875 0.36171875 0.01796875 0.0640625
2 0.5109375 0.375 0.01796875 0.04609375
3 0.446875 0.51875 0.89375 0.4375
2 0.60390625 0.396875 0.01328125 0.06640625
2 0.71484375 0.375 0.015625 0.03515625