2 0.86328125 0.39609375 0.18671875 0.1328125
2 0.8578125 0.378125 0.14140625 0.10078125
2 0.884375 0.4390625 0.2234375 0.21484375
2 0.2671875 0.44609375 0.10390625 0.11328125
2 0.571875 0.4046875 0.03359375 0.03125
2 0.509375 0.40546875 0.09296875 0.0734375
2 0.4140625 0.4109375 0.11015625 0.0671875
2 0.6125 0.43046875 0.04765625 0.0546875
2 0.28828125 0.41328125 0.0625 0.0484375
2 0.05234375 0.40703125 0.103125 0.1359375
2 0.38671875 0.55390625 0.2125 0.34765625
2 0.7640625 0.4421875 0.0796875 0.09296875
2 0.52109375 0.49609375 0.128125 0.2484375
2 0.1390625 0.4453125 0.096875 0.08125
2 0.6546875 0.43125 0.03828125 0.04765625
2 0.96171875 0.425 0.0640625 0.0515625
2 0.7296875 0.4125 0.0578125 0.040625
2 0.684375 0.415625 0.021875 0.01328125
2 0.7046875 0.409375 0.0234375 0.0203125