2 0.0703125 0.53984375 0.1 0.24609375
2 0.06953125 0.5359375 0.09609375 0.21953125
2 0.20703125 0.5625 0.1046875 0.20078125
2 0.21484375 0.56953125 0.08828125 0.18359375
2 0.3765625 0.534375 0.078125 0.28828125
2 0.3765625 0.52890625 0.08125 0.2671875
2 0.490625 0.525 0.0859375 0.3171875
2 0.48984375 0.53125 0.0984375 0.3375
2 0.6609375 0.5 0.0625 0.259375
2 0.65703125 0.50078125 0.08515625 0.2609375
2 0.953125 0.596875 0.0765625 0.1484375
2 0.953125 0.6109375 0.09375 0.15078125
2 0.91796875 0.49453125 0.065625 0.11875
2 0.925 0.49921875 0.0609375 0.12578125