2 0.07734375 0.45625 0.046875 0.0890625
2 0.421875 0.6671875 0.06796875 0.12109375
2 0.8796875 0.64375 0.03203125 0.20625
2 0.9125 0.64375 0.04609375 0.2328125
2 0.09609375 0.453125 0.0359375 0.09765625
2 0.88203125 0.64296875 0.03359375 0.190625
2 0.3140625 0.44453125 0.046875 0.19765625
2 0.40390625 0.4328125 0.04921875 0.1671875
2 0.615625 0.51640625 0.02578125 0.05859375
2 0.165625 0.37890625 0.01796875 0.04921875
2 0.49765625 0.509375 0.05390625 0.08046875
2 0.4671875 0.43203125 0.0328125 0.1484375
2 0.70859375 0.55703125 0.01953125 0.08828125
2 0.0140625 0.3953125 0.01796875 0.040625
2 0.58515625 0.5390625 0.02890625 0.07578125
2 0.7453125 0.6234375 0.040625 0.09375
2 0.25625 0.375 0.02734375 0.13046875
2 0.740625 0.55546875 0.03203125 0.16875
2 0.15703125 0.48515625 0.0265625 0.059375
2 0.22890625 0.38203125 0.03515625 0.14453125
2 0.6 0.57265625 0.03984375 0.06640625
2 0.14296875 0.4640625 0.059375 0.1015625
2 0.58671875 0.4671875 0.0171875 0.0578125
2 0.9515625 0.55625 0.0203125 0.071875
2 0.2796875 0.4234375 0.02734375 0.07109375
2 0.35859375 0.453125 0.0453125 0.065625
2 0.15625 0.39296875 0.03046875 0.0734375
2 0.3859375 0.55078125 0.0265625 0.084375
2 0.55390625 0.4875 0.0515625 0.19140625
2 0.09921875 0.54921875 0.1 0.24140625
2 0.02421875 0.4171875 0.028125 0.0640625
2 0.48671875 0.56875 0.0578125 0.14765625
2 0.81875 0.59375 0.028125 0.05625
2 0.2421875 0.5671875 0.075 0.2484375
2 0.15234375 0.553125 0.0953125 0.24453125
2 0.4390625 0.47421875 0.03828125 0.0734375
2 0.48359375 0.4828125 0.02421875 0.0484375
2 0.04296875 0.33828125 0.0140625 0.03671875
2 0.9265625 0.56640625 0.01171875 0.03515625
2 0.68671875 0.5546875 0.0296875 0.15703125
2 0.621875 0.58671875 0.0234375 0.0515625
2 0.784375 0.509375 0.0171875 0.0328125
2 0.4984375 0.45078125 0.015625 0.04375
2 0.9078125 0.5171875 0.009375 0.04296875
2 0.821875 0.5640625 0.015625 0.0515625
2 0.9515625 0.65390625 0.0578125 0.071875
2 0.70078125 0.490625 0.0203125 0.03359375
2 0.43125 0.57421875 0.078125 0.17109375
2 0.503125 0.4796875 0.0296875 0.0625
2 0.8625 0.47578125 0.009375 0.03125
2 0.20078125 0.34609375 0.01015625 0.05390625
2 0.7984375 0.5015625 0.01171875 0.05859375
2 0.07734375 0.4109375 0.02890625 0.05390625
2 0.81875 0.46328125 0.00859375 0.03828125
2 0.34140625 0.39609375 0.03359375 0.05
2 0.14921875 0.32734375 0.009375 0.028125
2 0.20859375 0.36640625 0.0203125 0.06875
2 0.13828125 0.37109375 0.02265625 0.034375
2 0.9234375 0.5953125 0.0203125 0.0671875
2 0.66875 0.5015625 0.01328125 0.03046875
2 0.85234375 0.5375 0.01640625 0.0921875
2 0.94375 0.50390625 0.01171875 0.0390625
2 0.98671875 0.5 0.01171875 0.0390625
2 0.2125 0.33203125 0.0109375 0.03515625
2 0.76875 0.48984375 0.0140625 0.07421875
2 0.33671875 0.34921875 0.01015625 0.03046875
2 0.8796875 0.4859375 0.01484375 0.034375
2 0.303125 0.3640625 0.0265625 0.096875
2 0.68828125 0.703125 0.20234375 0.275
2 0.47734375 0.7546875 0.18515625 0.30390625
2 0.66484375 0.62265625 0.1 0.17421875
2 0.42109375 0.36171875 0.0078125 0.03125
2 0.83671875 0.57109375 0.0171875 0.04609375
2 0.95 0.51328125 0.0109375 0.03515625
2 0.3890625 0.36015625 0.015625 0.040625
2 0.9734375 0.5484375 0.00859375 0.02265625
2 0.21015625 0.29765625 0.00625 0.0203125
2 0.875 0.528125 0.015625 0.05703125
2 0.0078125 0.42578125 0.01484375 0.034375
2 0.08828125 0.3359375 0.015625 0.046875
2 0.10703125 0.32890625 0.01015625 0.0203125
2 0.025 0.3640625 0.01640625 0.0421875
2 0.8515625 0.4703125 0.01015625 0.034375
2 0.3765625 0.46328125 0.02109375 0.04296875
2 0.0703125 0.32109375 0.009375 0.02109375
2 0.88984375 0.53359375 0.01640625 0.03671875
2 0.240625 0.296875 0.00625 0.015625
2 0.78828125 0.45234375 0.00703125 0.02734375
2 0.93984375 0.47421875 0.00625 0.0109375
2 0.9375 0.553125 0.01484375 0.0734375
2 0.4375 0.38828125 0.01328125 0.02421875
2 0.36640625 0.40703125 0.015625 0.03359375
2 0.66953125 0.628125 0.03046875 0.05
2 0.68828125 0.4359375 0.00625 0.0234375
2 0.79765625 0.453125 0.00859375 0.0328125
2 0.7484375 0.5296875 0.0203125 0.0859375
2 0.528125 0.415625 0.0265625 0.0421875
2 0.3640625 0.54921875 0.0359375 0.05390625
2 0.10703125 0.37890625 0.0328125 0.04453125
2 0.009375 0.340625 0.01796875 0.015625
2 0.6703125 0.43046875 0.00703125 0.02734375
2 0.03125 0.3390625 0.05703125 0.05390625
2 0.64609375 0.49609375 0.0328125 0.0234375
2 0.15625 0.3671875 0.02109375 0.05234375
2 0.4734375 0.4875 0.02734375 0.09609375
2 0.38125 0.36875 0.01796875 0.0296875
2 0.046875 0.42578125 0.0203125 0.02734375
2 0.8328125 0.5765625 0.04921875 0.08046875
2 0.49140625 0.6234375 0.95625 0.67265625
2 0.125 0.375 0.1078125 0.134375
2 0.60234375 0.5609375 0.08984375 0.11484375
2 0.609375 0.45078125 0.025 0.03671875
2 0.6109375 0.41875 0.0421875 0.03515625
2 0.6296875 0.56328125 0.0453125 0.07265625