2 0.1765625 0.5609375 0.13359375 0.67578125
2 0.90625 0.4609375 0.146875 0.703125
2 0.72109375 0.52265625 0.1953125 0.79921875
2 0.328125 0.49375 0.134375 0.70703125
2 0.48046875 0.50546875 0.12890625 0.67734375
2 0.58203125 0.484375 0.12421875 0.66640625
2 0.70390625 0.5125 0.06015625 0.5859375
2 0.15 0.33828125 0.12890625 0.3109375
2 0.17265625 0.26875 0.08046875 0.09921875
2 0.6984375 0.30234375 0.04921875 0.2109375
2 0.70390625 0.228125 0.03359375 0.065625
2 0.17578125 0.2046875 0.053125 0.05234375
2 0.5953125 0.1984375 0.06328125 0.103125
2 0.3265625 0.190625 0.05859375 0.08828125
2 0.46953125 0.225 0.06640625 0.09375
2 0.89453125 0.16328125 0.05859375 0.0859375