2 0.575 0.5171875 0.13515625 0.64375
2 0.865625 0.490625 0.1421875 0.53828125
2 0.6609375 0.41875 0.0640625 0.3015625
2 0.3921875 0.525 0.1375 0.62421875
2 0.059375 0.478125 0.1171875 0.28515625
2 0.71796875 0.446875 0.10234375 0.2984375
2 0.05859375 0.39765625 0.0859375 0.09296875
2 0.453125 0.42421875 0.059375 0.27109375
2 0.9640625 0.48515625 0.06640625 0.41328125
2 0.765625 0.33203125 0.0515625 0.115625
2 0.3453125 0.36875 0.0625 0.225
2 0.6953125 0.31796875 0.059375 0.04765625
2 0.80078125 0.34921875 0.03984375 0.13359375
2 0.65390625 0.29140625 0.05390625 0.04765625
2 0.9859375 0.3078125 0.02734375 0.059375
2 0.85703125 0.24140625 0.06328125 0.03828125
2 0.76875 0.29453125 0.03359375 0.0453125
2 0.8453125 0.3140625 0.10625 0.05390625