2 0.18828125 0.7421875 0.14375 0.1578125
2 0.19375 0.7890625 0.12734375 0.24765625
2 0.43125 0.7546875 0.19140625 0.3203125
2 0.71015625 0.759375 0.159375 0.3140625
2 0.2953125 0.759375 0.12109375 0.30078125
2 0.6 0.6046875 0.12265625 0.1640625
2 0.91796875 0.759375 0.15703125 0.29453125
2 0.728125 0.55703125 0.06328125 0.07734375
2 0.0296875 0.55078125 0.0578125 0.09921875
2 0.9796875 0.5734375 0.03984375 0.10390625
2 0.8640625 0.546875 0.0515625 0.07734375
2 0.04609375 0.7734375 0.0796875 0.29296875
2 0.9609375 0.68828125 0.0609375 0.1171875
2 0.1328125 0.515625 0.0515625 0.0765625
2 0.659375 0.69453125 0.0890625 0.15859375
2 0.52890625 0.56640625 0.046875 0.0796875
2 0.71796875 0.36484375 0.03203125 0.05
2 0.12265625 0.7703125 0.06328125 0.07265625
2 0.90546875 0.49765625 0.04375 0.06640625
2 0.8265625 0.81328125 0.234375 0.2125
2 0.8015625 0.5859375 0.0640625 0.0859375
2 0.1 0.546875 0.06640625 0.071875
2 0.77734375 0.6984375 0.125 0.15
2 0.49140625 0.60390625 0.0515625 0.046875
2 0.58828125 0.69921875 0.0828125 0.12421875
2 0.209375 0.75703125 0.39765625 0.32265625
2 0.96796875 0.50390625 0.04140625 0.04453125
2 0.296875 0.6734375 0.07578125 0.1203125
2 0.88203125 0.67265625 0.08828125 0.10078125
2 0.25546875 0.2546875 0.1484375 0.184375
2 0.5828125 0.55625 0.071875 0.065625
2 0.471875 0.72578125 0.0890625 0.09921875
2 0.88984375 0.47109375 0.03125 0.05
2 0.8375 0.64375 0.04609375 0.04296875
2 0.4890625 0.6515625 0.02734375 0.05703125
2 0.50625 0.64609375 0.0390625 0.05