2 0.26640625 0.4703125 0.0328125 0.0921875
2 0.02734375 0.48828125 0.021875 0.10625
2 0.053125 0.48984375 0.0359375 0.13203125
2 0.0875 0.48515625 0.02578125 0.1046875
2 0.5828125 0.64296875 0.18125 0.67109375
2 0.16875 0.4640625 0.0171875 0.0734375
2 0.6375 0.4421875 0.0234375 0.096875
2 0.859375 0.4375 0.0234375 0.08671875
2 0.00859375 0.46640625 0.0171875 0.08125
2 0.9890625 0.43203125 0.01953125 0.07265625
2 0.1359375 0.46015625 0.01640625 0.0703125
2 0.6703125 0.4453125 0.01875 0.08515625
2 0.79609375 0.5 0.0484375 0.20703125
2 0.7375 0.5 0.04765625 0.2046875
2 0.28984375 0.46015625 0.025 0.0796875
2 0.89609375 0.43828125 0.02265625 0.07890625
2 0.5484375 0.38828125 0.0921875 0.15234375
2 0.32578125 0.44609375 0.0125 0.06328125
2 0.11953125 0.46328125 0.015625 0.0703125
2 0.190625 0.45703125 0.01875 0.08671875
2 0.61796875 0.42734375 0.01484375 0.046875
2 0.40390625 0.58203125 0.19921875 0.39453125
2 0.97109375 0.43125 0.0140625 0.06171875
2 0.9359375 0.43046875 0.015625 0.0625
2 0.22109375 0.43359375 0.0078125 0.04296875
2 0.1109375 0.4578125 0.01484375 0.0703125
2 0.240625 0.44140625 0.01171875 0.046875
2 0.75234375 0.421875 0.0140625 0.0296875
2 0.715625 0.43203125 0.01484375 0.05390625
2 0.1484375 0.46171875 0.01328125 0.06328125
2 0.17578125 0.45 0.01171875 0.065625
2 0.25 0.44375 0.0109375 0.03828125
2 0.25859375 0.44375 0.01484375 0.0484375
2 0.84375 0.42734375 0.0140625 0.0640625
2 0.94609375 0.43046875 0.01171875 0.059375
2 0.9234375 0.43046875 0.0140625 0.0578125
2 0.88203125 0.43125 0.02109375 0.07890625
2 0.625 0.4265625 0.01015625 0.0484375