2 0.228125 0.725 0.07890625 0.34296875
2 0.475 0.43046875 0.05234375 0.20859375
2 0.3203125 0.6296875 0.0625 0.309375
2 0.178125 0.55078125 0.0640625 0.2609375
2 0.1328125 0.64375 0.06015625 0.25859375
2 0.075 0.65625 0.08046875 0.2640625
2 0.36953125 0.51875 0.0515625 0.2609375
2 0.6234375 0.43671875 0.04140625 0.2171875
2 0.8640625 0.19140625 0.0328125 0.11484375
2 0.72890625 0.07890625 0.03203125 0.09921875
2 0.58984375 0.86953125 0.07578125 0.23203125
2 0.5875 0.08203125 0.03203125 0.11171875
2 0.2515625 0.52421875 0.0703125 0.19453125
2 0.32890625 0.28046875 0.04765625 0.11171875
2 0.6546875 0.09609375 0.0328125 0.11484375
2 0.8375 0.33203125 0.040625 0.17734375
2 0.6703125 0.3375 0.04140625 0.1875
2 0.5328125 0.1046875 0.034375 0.13515625
2 0.903125 0.15859375 0.02890625 0.10390625
2 0.76875 0.30625 0.0453125 0.18125
2 0.509375 0.31015625 0.04140625 0.11640625
2 0.49375 0.60703125 0.08125 0.16171875
2 0.4125 0.14375 0.053125 0.11171875
2 0.6203125 0.09296875 0.0296875 0.11796875
2 0.44375 0.62421875 0.08671875 0.13515625
2 0.21640625 0.13984375 0.04609375 0.109375
2 0.08515625 0.12421875 0.04375 0.10859375
2 0.7234375 0.3140625 0.03828125 0.1421875
2 0.2203125 0.9359375 0.08828125 0.121875
2 0.3859375 0.1484375 0.04609375 0.10703125
2 0.59140625 0.55546875 0.08515625 0.14921875
2 0.29296875 0.9390625 0.08984375 0.115625
2 0.18984375 0.06328125 0.03984375 0.078125
2 0.28203125 0.14921875 0.04453125 0.11484375
2 0.159375 0.13125 0.0421875 0.09921875
2 0.32265625 0.46015625 0.059375 0.1640625
2 0.68515625 0.10078125 0.02578125 0.103125
2 0.68671875 0.253125 0.03125 0.12265625
2 0.47890625 0.30390625 0.03515625 0.10625
2 0.54375 0.30078125 0.03046875 0.1046875
2 0.60234375 0.07890625 0.021875 0.10859375
2 0.6203125 0.29140625 0.04453125 0.1484375
2 0.27890625 0.35859375 0.034375 0.10625
2 0.565625 0.3484375 0.03671875 0.17890625
2 0.54765625 0.44921875 0.053125 0.221875
2 0.83125 0.18828125 0.0296875 0.0921875
2 0.853125 0.2671875 0.02578125 0.06484375
2 0.1359375 0.0671875 0.02890625 0.0640625
2 0.17890625 0.78984375 0.05234375 0.2
2 0.24921875 0.39609375 0.028125 0.109375
2 0.721875 0.25 0.03984375 0.1
2 0.5171875 0.4453125 0.03671875 0.18984375
2 0.771875 0.18515625 0.0296875 0.07265625
2 0.37734375 0.35 0.03359375 0.06953125
2 0.33671875 0.32265625 0.03671875 0.07109375
2 0.82109375 0.15234375 0.028125 0.06796875
2 0.4140625 0.2609375 0.04375 0.0703125
2 0.4703125 0.0796875 0.0296875 0.06640625
2 0.80234375 0.23671875 0.03359375 0.15078125
2 0.28203125 0.4828125 0.04765625 0.20390625
2 0.303125 0.378125 0.03984375 0.08984375
2 0.65546875 0.18671875 0.02421875 0.05703125
2 0.01328125 0.1046875 0.02578125 0.071875
2 0.35859375 0.35625 0.0296875 0.07421875
2 0.1171875 0.13515625 0.03515625 0.0953125
2 0.871875 0.30703125 0.04375 0.09296875
2 0.65859375 0.23203125 0.0359375 0.09140625
2 0.753125 0.1859375 0.096875 0.11640625
2 0.5203125 0.296875 0.1 0.16796875
2 0.25 0.14375 0.02734375 0.09375
2 0.98359375 0.0234375 0.01953125 0.04296875
2 0.56875 0.23359375 0.09375 0.103125