2 0.175 0.8125 0.07578125 0.2328125
2 0.334375 0.82109375 0.078125 0.2203125
2 0.40234375 0.8078125 0.05625 0.21796875
2 0.55625 0.81171875 0.0796875 0.24765625
2 0.47578125 0.78203125 0.0453125 0.1453125
2 0.21953125 0.79765625 0.0390625 0.1640625
2 0.253125 0.81875 0.06953125 0.2234375
2 0.521875 0.7921875 0.06015625 0.16796875
2 0.31171875 0.73828125 0.0234375 0.03984375
2 0.2875 0.7484375 0.01640625 0.04375
2 0.51015625 0.8515625 0.0375 0.04765625
2 0.32890625 0.815625 0.34921875 0.25234375
2 0.446875 0.73203125 0.015625 0.025
2 0.20390625 0.7328125 0.01796875 0.015625