2 0.59140625 0.6734375 0.08125 0.14296875
2 0.31484375 0.4171875 0.053125 0.14140625
2 0.090625 0.390625 0.059375 0.12265625
2 0.06015625 0.33828125 0.0578125 0.178125
2 0.19921875 0.3578125 0.0171875 0.0734375
2 0.2234375 0.36171875 0.028125 0.05234375
2 0.36875 0.3234375 0.0328125 0.10625
2 0.5875 0.63125 0.0703125 0.1171875
2 0.053125 0.3578125 0.05625 0.1984375
2 0.36640625 0.33203125 0.025 0.11171875
2 0.33125 0.32421875 0.01953125 0.11328125
2 0.85234375 0.60625 0.09296875 0.13203125
2 0.709375 0.5671875 0.06015625 0.12109375
2 0.1359375 0.33671875 0.0234375 0.09609375
2 0.25 0.31953125 0.02421875 0.128125
2 0.15546875 0.73515625 0.03984375 0.16484375
2 0.27421875 0.32265625 0.025 0.121875
2 0.20546875 0.30625 0.01796875 0.08203125
2 0.025 0.753125 0.0453125 0.159375
2 0.2578125 0.72734375 0.02109375 0.134375
2 0.82109375 0.65625 0.04609375 0.08125
2 0.921875 0.6515625 0.02734375 0.04921875
2 0.196875 0.73046875 0.02734375 0.1375
2 0.48515625 0.38515625 0.02421875 0.08125
2 0.22265625 0.85546875 0.17109375 0.2078125
2 0.36796875 0.78515625 0.12265625 0.34140625
2 0.18203125 0.734375 0.02265625 0.13203125
2 0.91171875 0.81171875 0.04765625 0.371875
2 0.7515625 0.6375 0.03359375 0.0625
2 0.45546875 0.39140625 0.02890625 0.0453125
2 0.7046875 0.7546875 0.14296875 0.484375
2 0.01484375 0.3984375 0.0171875 0.0515625
2 0.8015625 0.8140625 0.06875 0.37109375
2 0.4546875 0.72265625 0.02265625 0.09375
2 0.409375 0.38359375 0.01015625 0.03046875
2 0.58125 0.784375 0.15625 0.42421875
2 0.68125 0.25390625 0.0984375 0.49453125
2 0.8578125 0.77421875 0.1484375 0.4515625
2 0.80078125 0.27109375 0.09609375 0.4171875
2 0.75625 0.8265625 0.05234375 0.34609375
2 0.03125 0.3984375 0.009375 0.04296875
2 0.74296875 0.2296875 0.071875 0.44375
2 0.34140625 0.35859375 0.01171875 0.04296875
2 0.48203125 0.76875 0.03828125 0.103125
2 0.41328125 0.7328125 0.0265625 0.07265625
2 0.00546875 0.39609375 0.0109375 0.0515625
2 0.07578125 0.3453125 0.0234375 0.13203125
2 0.0609375 0.72890625 0.0640625 0.09453125
2 0.90546875 0.21328125 0.1796875 0.4203125
2 0.2703125 0.3 0.01953125 0.04140625
2 0.11875 0.72265625 0.05625 0.075
2 0.43984375 0.39296875 0.01484375 0.0390625
2 0.2859375 0.31015625 0.01328125 0.03671875
2 0.39765625 0.375 0.0125 0.034375
2 0.03046875 0.39453125 0.0515625 0.06640625
2 0.74375 0.028125 0.03203125 0.0359375
2 0.7859375 0.69765625 0.025 0.0578125