2 0.51484375 0.63671875 0.08359375 0.6640625
2 0.4265625 0.5921875 0.165625 0.596875
2 0.17890625 0.459375 0.0453125 0.27734375
2 0.94453125 0.5390625 0.06640625 0.3484375
2 0.6 0.540625 0.08828125 0.35625
2 0.27421875 0.49296875 0.075 0.32890625
2 0.2390625 0.4328125 0.03828125 0.21484375
2 0.65390625 0.7390625 0.2546875 0.521875
2 0.14140625 0.41171875 0.04765625 0.165625
2 0.975 0.55625 0.05 0.36875
2 0.67265625 0.5296875 0.15390625 0.32265625
2 0.81875 0.525 0.12578125 0.3546875
2 0.8984375 0.45625 0.0453125 0.175
2 0.06484375 0.40078125 0.04453125 0.1109375
2 0.57734375 0.40390625 0.04921875 0.11328125
2 0.6796875 0.38203125 0.05703125 0.128125
2 0.33984375 0.48984375 0.08359375 0.31796875
2 0.35703125 0.8015625 0.32109375 0.3875
2 0.10546875 0.4265625 0.0625 0.12890625
2 0.86796875 0.4515625 0.046875 0.13671875
2 0.0859375 0.35703125 0.01953125 0.06171875
2 0.46796875 0.41875 0.0359375 0.1140625
2 0.08828125 0.71015625 0.17578125 0.56171875
2 0.81328125 0.84375 0.32265625 0.3078125
2 0.75390625 0.42421875 0.0796875 0.11484375
2 0.37734375 0.3984375 0.0375 0.08515625
2 0.63359375 0.371875 0.03671875 0.05703125
2 0.8203125 0.37578125 0.046875 0.09296875
2 0.96875 0.37109375 0.028125 0.07109375
2 0.6578125 0.365625 0.015625 0.04296875
2 0.140625 0.44609375 0.0328125 0.05625