2 0.10859375 0.528125 0.1921875 0.72578125
2 0.1140625 0.53515625 0.184375 0.74375
2 0.38671875 0.4765625 0.19609375 0.8765625
2 0.371875 0.465625 0.21640625 0.8875
2 0.55546875 0.4328125 0.1484375 0.60390625
2 0.5609375 0.4390625 0.16328125 0.5203125
2 0.7234375 0.42109375 0.19921875 0.53515625
2 0.71640625 0.403125 0.17890625 0.50859375
2 0.9046875 0.53984375 0.190625 0.74765625
2 0.8984375 0.5265625 0.18828125 0.7609375
2 0.3375 0.48828125 0.15390625 0.7453125
2 0.328125 0.30703125 0.1265625 0.41328125