2 0.5578125 0.6390625 0.09453125 0.15703125
2 0.89609375 0.64140625 0.06953125 0.13203125
2 0.3109375 0.1609375 0.0640625 0.065625
2 0.31171875 0.075 0.0296875 0.0359375
2 0.05390625 0.4875 0.1046875 0.2796875
2 0.3640625 0.80546875 0.16015625 0.38125
2 0.834375 0.74296875 0.24375 0.49765625
2 0.509375 0.76796875 0.2453125 0.45625
2 0.2421875 0.72421875 0.08515625 0.09453125
2 0.15546875 0.8140625 0.115625 0.34375
2 0.6375 0.6765625 0.0984375 0.50390625
2 0.140625 0.46953125 0.1109375 0.2265625
2 0.928125 0.17265625 0.0578125 0.0921875
2 0.85625 0.14296875 0.07109375 0.18125
2 0.21484375 0.57109375 0.08671875 0.09296875
2 0.7296875 0.5734375 0.0859375 0.56484375
2 0.09765625 0.6171875 0.1265625 0.25859375
2 0.2328125 0.559375 0.13125 0.23046875
2 0.3609375 0.496875 0.13359375 0.27734375
2 0.31875 0.665625 0.0828125 0.0890625
2 0.2296875 0.1796875 0.06796875 0.0671875
2 0.1578125 0.675 0.0859375 0.09453125
2 0.09375 0.0765625 0.0859375 0.15078125
2 0.77109375 0.1859375 0.07578125 0.16640625
2 0.725 0.15625 0.0203125 0.0328125
2 0.07578125 0.8640625 0.146875 0.25625
2 0.428125 0.08984375 0.0328125 0.04921875
2 0.115625 0.21953125 0.071875 0.07578125
2 0.05625 0.2375 0.04375 0.0609375
2 0.075 0.359375 0.08515625 0.196875
2 0.82890625 0.94609375 0.0828125 0.065625
2 0.24296875 0.0734375 0.05546875 0.12734375
2 0.9703125 0.12734375 0.05078125 0.128125
2 0.98515625 0.184375 0.0296875 0.03984375
2 0.88984375 0.259375 0.065625 0.15703125
2 0.06015625 0.278125 0.0640625 0.0515625
2 0.8609375 0.053125 0.059375 0.10390625
2 0.1078125 0.29609375 0.07265625 0.221875
2 0.015625 0.29140625 0.03046875 0.03359375
2 0.184375 0.1671875 0.0609375 0.134375
2 0.1484375 0.0578125 0.0578125 0.115625
2 0.021875 0.36953125 0.04375 0.1796875
2 0.13671875 0.559375 0.05625 0.1421875
2 0.8171875 0.0921875 0.0453125 0.08515625
2 0.95625 0.4015625 0.06875 0.1796875
2 0.72578125 0.0453125 0.03125 0.034375
2 0.38125 0.07890625 0.0359375 0.065625