2 0.240625 0.65703125 0.1125 0.66171875
2 0.45 0.65703125 0.1390625 0.675
2 0.60703125 0.5828125 0.07890625 0.38046875
2 0.321875 0.61796875 0.1265625 0.61015625
2 0.853125 0.66484375 0.0890625 0.27265625
2 0.69375 0.61328125 0.11875 0.459375
2 0.79609375 0.59453125 0.1 0.4015625
2 0.5421875 0.5359375 0.0484375 0.2953125
2 0.7390625 0.57890625 0.05234375 0.34765625
2 0.57890625 0.5359375 0.034375 0.28359375
2 0.9140625 0.50703125 0.03359375 0.146875
2 0.57578125 0.440625 0.0296875 0.09296875
2 0.97578125 0.50234375 0.0390625 0.13515625
2 0.10078125 0.42890625 0.05859375 0.14921875
2 0.93203125 0.50390625 0.0234375 0.11796875
2 0.88828125 0.49765625 0.02109375 0.084375
2 0.784375 0.44609375 0.028125 0.053125