2 0.1328125 0.6203125 0.06640625 0.18515625
2 0.134375 0.6140625 0.0625 0.17890625
2 0.85 0.58671875 0.028125 0.1234375
2 0.853125 0.58671875 0.040625 0.11796875
2 0.11328125 0.834375 0.19140625 0.2234375
2 0.29921875 0.80859375 0.13984375 0.1484375
2 0.225 0.53359375 0.028125 0.0625
2 0.22578125 0.534375 0.034375 0.06484375
2 0.4875 0.71015625 0.05 0.11328125
2 0.63046875 0.7203125 0.059375 0.1109375
2 0.5453125 0.70390625 0.0515625 0.10625
2 0.70703125 0.503125 0.01953125 0.059375
2 0.48671875 0.52890625 0.021875 0.04765625
2 0.30546875 0.528125 0.0265625 0.0515625
2 0.30078125 0.52734375 0.015625 0.05234375
2 0.36953125 0.52109375 0.01875 0.059375