2 0.28671875 0.89375 0.1546875 0.140625
2 0.54375 0.88515625 0.17734375 0.190625
2 0.09140625 0.840625 0.12421875 0.103125
2 0.859375 0.8609375 0.13828125 0.175
2 0.50078125 0.75390625 0.1515625 0.15546875
2 0.18828125 0.74609375 0.03671875 0.1015625
2 0.13671875 0.74140625 0.06171875 0.14296875
2 0.34609375 0.8546875 0.09765625 0.09296875
2 0.78125 0.8140625 0.05625 0.10234375
2 0.94921875 0.93203125 0.1 0.12421875
2 0.3546875 0.73515625 0.04375 0.0984375
2 0.6640625 0.6703125 0.04296875 0.17421875
2 0.74296875 0.78984375 0.0765625 0.07421875
2 0.0671875 0.66875 0.034375 0.071875
2 0.61953125 0.9375 0.07578125 0.11953125
2 0.8734375 0.6484375 0.03125 0.06484375
2 0.3078125 0.7296875 0.04375 0.09140625
2 0.01328125 0.67734375 0.025 0.0640625
2 0.2328125 0.7234375 0.04609375 0.10703125
2 0.75078125 0.63359375 0.03046875 0.06796875
2 0.915625 0.68984375 0.03203125 0.05625
2 0.63359375 0.6484375 0.04140625 0.178125
2 0.3734375 0.6328125 0.059375 0.13359375
2 0.48203125 0.6625 0.0546875 0.1828125
2 0.09375 0.79921875 0.053125 0.0796875
2 0.95390625 0.68984375 0.0421875 0.09140625
2 0.421875 0.76484375 0.06171875 0.13203125
2 0.50859375 0.71484375 0.06171875 0.08125
2 0.040625 0.6140625 0.02109375 0.05078125
2 0.034375 0.675 0.03515625 0.06796875
2 0.815625 0.803125 0.04453125 0.1015625
2 0.190625 0.64375 0.0296875 0.0484375
2 0.540625 0.9546875 0.05859375 0.08671875
2 0.690625 0.64375 0.025 0.06015625
2 0.56328125 0.5640625 0.021875 0.053125
2 0.93671875 0.8484375 0.0734375 0.14609375
2 0.31953125 0.5921875 0.0265625 0.09296875
2 0.41015625 0.59375 0.03046875 0.0796875
2 0.98828125 0.63671875 0.02109375 0.0578125
2 0.984375 0.77890625 0.028125 0.10703125
2 0.3046875 0.65390625 0.02421875 0.03828125
2 0.94375 0.59296875 0.0265625 0.034375
2 0.07421875 0.58671875 0.009375 0.02265625
2 0.7921875 0.97265625 0.05390625 0.0546875
2 0.73359375 0.5484375 0.01328125 0.04453125
2 0.98515625 0.5296875 0.02578125 0.0609375
2 0.27421875 0.56953125 0.0203125 0.04140625
2 0.15234375 0.68203125 0.04609375 0.1234375
2 0.86328125 0.95703125 0.0765625 0.0828125
2 0.91484375 0.53125 0.0171875 0.05234375
2 0.7203125 0.66953125 0.05390625 0.08046875
2 0.37578125 0.73671875 0.03203125 0.0640625
2 0.93046875 0.56484375 0.03828125 0.04453125
2 0.896875 0.5421875 0.02265625 0.0703125
2 0.1140625 0.74296875 0.03828125 0.09296875
2 0.34765625 0.834375 0.0203125 0.04296875
2 0.6265625 0.5640625 0.02265625 0.0484375
2 0.7515625 0.5171875 0.0140625 0.05078125
2 0.5125 0.97421875 0.0484375 0.0515625
2 0.7140625 0.5359375 0.0203125 0.06640625
2 0.371875 0.83125 0.0296875 0.046875
2 0.65390625 0.52890625 0.021875 0.04921875
2 0.3484375 0.51875 0.01640625 0.0171875
2 0.60859375 0.82265625 0.06796875 0.08203125
2 0.6046875 0.78125 0.0296875 0.04453125
2 0.321875 0.5171875 0.01171875 0.0171875
2 0.53828125 0.9296875 0.03125 0.04296875
2 0.0703125 0.43515625 0.015625 0.02421875
2 0.01484375 0.43828125 0.0109375 0.02421875
2 0.475 0.76640625 0.10078125 0.0671875
2 0.87578125 0.7921875 0.0390625 0.04609375
2 0.02109375 0.61328125 0.02109375 0.01640625
2 0.52421875 0.67109375 0.04609375 0.07734375