2 0.1578125 0.246875 0.175 0.303125
2 0.0484375 0.290625 0.096875 0.2125
2 0.55 0.46328125 0.23984375 0.79140625
2 0.2921875 0.359375 0.08203125 0.28671875
2 0.20390625 0.37578125 0.06953125 0.26953125
2 0.428125 0.3609375 0.05 0.25703125
2 0.69375 0.33671875 0.0546875 0.31875
2 0.3734375 0.35078125 0.04765625 0.19375
2 0.33671875 0.33828125 0.03046875 0.11484375
2 0.89375 0.24453125 0.0453125 0.121875
2 0.40546875 0.33984375 0.021875 0.1296875
2 0.96640625 0.23359375 0.02421875 0.084375
2 0.446875 0.33828125 0.02265625 0.165625
2 0.6125 0.26953125 0.07578125 0.209375
2 0.31796875 0.3359375 0.01484375 0.0875
2 0.1046875 0.3328125 0.01484375 0.04296875
2 0.49765625 0.44921875 0.07578125 0.0546875