2 0.49453125 0.32109375 0.10625 0.5609375
2 0.35390625 0.36875 0.11015625 0.52890625
2 0.2453125 0.415625 0.11953125 0.59296875
2 0.434375 0.25625 0.059375 0.26328125
2 0.61171875 0.48984375 0.1375 0.775
2 0.7109375 0.29921875 0.09609375 0.35078125
2 0.89140625 0.54765625 0.2125 0.87734375
2 0.96328125 0.47578125 0.0734375 0.5578125
2 0.0796875 0.51171875 0.15 0.9171875
2 0.7296875 0.5328125 0.13359375 0.51953125
2 0.6734375 0.17109375 0.0515625 0.121875
2 0.74921875 0.23359375 0.0359375 0.165625
2 0.5484375 0.26875 0.03828125 0.25703125
2 0.4546875 0.18515625 0.02890625 0.09609375
2 0.321875 0.19140625 0.025 0.05625
2 0.9828125 0.2703125 0.034375 0.15
2 0.3140625 0.321875 0.06875 0.35234375