2 0.56953125 0.6375 0.23671875 0.721875
2 0.70234375 0.50703125 0.1453125 0.61953125
2 0.89921875 0.49921875 0.1375 0.56875
2 0.440625 0.60703125 0.11953125 0.784375
2 0.14140625 0.77578125 0.27890625 0.440625
2 0.340625 0.7125 0.128125 0.56171875
2 0.48046875 0.21640625 0.08203125 0.228125
2 0.16171875 0.3703125 0.1296875 0.39609375
2 0.025 0.50625 0.05 0.57734375
2 0.93671875 0.22265625 0.09609375 0.3859375
2 0.82578125 0.590625 0.1046875 0.375
2 0.1796875 0.22578125 0.06171875 0.1109375
2 0.509375 0.13203125 0.06171875 0.1421875
2 0.42421875 0.1640625 0.0515625 0.103125
2 0.54296875 0.325 0.071875 0.1140625
2 0.703125 0.028125 0.0265625 0.046875
2 0.821875 0.22109375 0.04765625 0.090625
2 0.69453125 0.04296875 0.0671875 0.0796875
2 0.9171875 0.221875 0.04609375 0.15859375