2 0.14921875 0.571875 0.04140625 0.28046875
2 0.28203125 0.57265625 0.04296875 0.3078125
2 0.4828125 0.57265625 0.0546875 0.390625
2 0.58515625 0.58125 0.0859375 0.3859375
2 0.371875 0.546875 0.04609375 0.35078125
2 0.11796875 0.56484375 0.05859375 0.33125
2 0.11640625 0.56953125 0.04140625 0.26953125
2 0.421875 0.5609375 0.03984375 0.3015625
2 0.209375 0.571875 0.04453125 0.28828125
2 0.253125 0.55390625 0.034375 0.2734375
2 0.68046875 0.5765625 0.07109375 0.37734375
2 0.90546875 0.56640625 0.08203125 0.37578125
2 0.18046875 0.6203125 0.053125 0.2890625
2 0.31171875 0.55234375 0.03515625 0.259375
2 0.75078125 0.5640625 0.05546875 0.3484375
2 0.84453125 0.57421875 0.0671875 0.37578125
2 0.7140625 0.5671875 0.05078125 0.3515625
2 0.97109375 0.56171875 0.0578125 0.42734375
2 0.340625 0.54453125 0.0359375 0.27109375
2 0.53046875 0.49765625 0.0453125 0.23515625
2 0.45859375 0.5296875 0.0375 0.28515625
2 0.79765625 0.53828125 0.06015625 0.36484375
2 0.7671875 0.42265625 0.034375 0.10546875
2 0.5640625 0.52578125 0.02890625 0.26484375
2 0.9359375 0.41953125 0.046875 0.134375
2 0.40859375 0.45546875 0.0234375 0.10546875
2 0.46796875 0.4203125 0.028125 0.0734375
2 0.83046875 0.40390625 0.034375 0.0828125
2 0.55390625 0.4265625 0.02421875 0.078125
2 0.2796875 0.42265625 0.02109375 0.040625
2 0.62890625 0.63515625 0.03515625 0.1828125
2 0.13515625 0.45625 0.025 0.0671875
2 0.57265625 0.41875 0.0359375 0.08125