2 0.19453125 0.50625 0.17109375 0.47109375
2 0.471875 0.48515625 0.08828125 0.3984375
2 0.23984375 0.53125 0.19609375 0.46796875
2 0.35859375 0.53125 0.24921875 0.42109375
2 0.3984375 0.31328125 0.06328125 0.15
2 0.29375 0.38046875 0.08359375 0.1359375
2 0.459375 0.3625 0.0625 0.1109375
2 0.35703125 0.3765625 0.04921875 0.08515625
2 0.16328125 0.340625 0.04375 0.10078125
2 0.38203125 0.26796875 0.028125 0.06015625
2 0.9796875 0.3140625 0.034375 0.11484375
2 0.9828125 0.31875 0.025 0.10625
2 0.396875 0.43125 0.14453125 0.18671875
2 0.43203125 0.3171875 0.040625 0.1125