2 0.871875 0.140625 0.14609375 0.23671875
2 0.72265625 0.75 0.06640625 0.42109375
2 0.73125 0.75390625 0.0734375 0.42890625
2 0.78984375 0.7546875 0.08125 0.4234375
2 0.64453125 0.7765625 0.0546875 0.2875
2 0.840625 0.765625 0.03515625 0.309375
2 0.69375 0.7734375 0.03359375 0.321875
2 0.9234375 0.76015625 0.0390625 0.25703125
2 0.88828125 0.77421875 0.04921875 0.3078125
2 0.7828125 0.26328125 0.40625 0.46015625
2 0.57265625 0.7828125 0.01640625 0.10078125
2 0.6125 0.77265625 0.0265625 0.12421875